temperature = 380
external_field(h) = 0.0
exchange_constant(1st_nn) =  0.00206840353746
exchange_constant(2nd_nn) =  9.85913049941E-5
iterations = 150000
sampling_frequency = 50

